function [A] = RedBlue() 
A=...
[0.000	0.000	0.563	;
0.000	0.000	0.625	;
0.000	0.000	0.688	;
0.000	0.000	0.750	;
0.000	0.000	0.813	;
0.000	0.000	0.875	;
0.000	0.000	0.938	;
0.000	0.000	1.000	;
0.000	0.063	1.000	;
0.000	0.125	1.000	;
0.000	0.188	1.000	;
0.000	0.250	1.000	;
0.000	0.313	1.000	;
0.000	0.375	1.000	;
0.000	0.438	1.000	;
0.000	0.500	1.000	;
0.000	0.563	1.000	;
0.000	0.625	1.000	;
0.000	0.688	1.000	;
0.000	0.750	1.000	;
0.000	0.813	1.000	;
0.000	0.875	1.000	;
0.000	0.938	1.000	;
0.000	1.000	1.000	;
0.063	1.000	0.938	;
0.125	1.000	0.875	;
0.188	1.000	0.813	;
0.250	1.000	0.750	;
0.313	1.000	0.688	;
0.375	1.000	0.625	;
0.000	0.000	0.000	;
0.000	0.000	0.000	;
0.000	0.000	0.000	;
0.000	0.000	0.000	;
0.688	1.000	0.313	;
0.750	1.000	0.250	;
0.813	1.000	0.188	;
0.875	1.000	0.125	;
0.938	1.000	0.063	;
1.000	1.000	0.000	;
1.000	0.938	0.000	;
1.000	0.875	0.000	;
1.000	0.813	0.000	;
1.000	0.750	0.000	;
1.000	0.688	0.000	;
1.000	0.625	0.000	;
1.000	0.563	0.000	;
1.000	0.500	0.000	;
1.000	0.438	0.000	;
1.000	0.375	0.000	;
1.000	0.313	0.000	;
1.000	0.250	0.000	;
1.000	0.188	0.000	;
1.000	0.125	0.000	;
1.000	0.063	0.000	;
1.000	0.000	0.000	;
0.938	0.000	0.000	;
0.875	0.000	0.000	;
0.813	0.000	0.000	;
0.750	0.000	0.000	;
0.688	0.000	0.000	;
0.625	0.000	0.000	;
0.563	0.000	0.000	;
0.500	0.000	0.000   ];	

A(:,2)=A(:,2)/2;


end